1000 1098
[240, 502]
[4, 240]
[719, 4]
[235, 719]
[18, 235]
[921, 18]
[588, 921]
[44, 588]
[491, 44]
[169, 491]
[370, 169]
[746, 370]
[261, 746]
[533, 261]
[615, 533]
[436, 615]
[705, 436]
[327, 705]
[179, 327]
[500, 179]
[198, 500]
[460, 198]
[646, 460]
[414, 646]
[282, 414]
[694, 282]
[323, 694]
[117, 323]
[268, 117]
[931, 268]
[599, 931]
[395, 599]
[450, 395]
[589, 450]
[988, 589]
[84, 988]
[816, 84]
[887, 816]
[907, 887]
[623, 907]
[773, 623]
[867, 773]
[778, 867]
[38, 778]
[441, 38]
[541, 441]
[239, 541]
[34, 239]
[246, 34]
[552, 246]
[507, 552]
[133, 507]
[468, 133]
[752, 468]
[557, 752]
[728, 557]
[850, 728]
[192, 850]
[848, 192]
[680, 848]
[997, 680]
[620, 997]
[598, 620]
[874, 598]
[571, 874]
[388, 571]
[689, 388]
[214, 689]
[913, 214]
[375, 913]
[19, 375]
[686, 19]
[924, 686]
[113, 924]
[952, 113]
[218, 952]
[79, 218]
[731, 79]
[382, 731]
[744, 382]
[293, 744]
[672, 293]
[943, 672]
[574, 943]
[422, 574]
[702, 422]
[740, 702]
[320, 740]
[897, 320]
[390, 897]
[841, 390]
[817, 841]
[928, 817]
[433, 928]
[284, 433]
[10, 284]
[983, 10]
[357, 983]
[42, 357]
[882, 42]
[334, 882]
[641, 334]
[14, 641]
[274, 14]
[434, 274]
[443, 434]
[161, 443]
[189, 161]
[835, 189]
[480, 835]
[361, 480]
[614, 361]
[899, 614]
[849, 899]
[27, 849]
[30, 27]
[438, 30]
[749, 438]
[542, 749]
[608, 542]
[145, 608]
[398, 145]
[411, 398]
[373, 411]
[761, 373]
[687, 761]
[188, 687]
[6, 188]
[828, 6]
[469, 828]
[784, 469]
[654, 784]
[803, 654]
[550, 803]
[377, 550]
[153, 377]
[132, 153]
[464, 132]
[725, 464]
[137, 725]
[483, 137]
[606, 483]
[0, 606]
[37, 0]
[445, 37]
[64, 445]
[793, 64]
[537, 793]
[182, 537]
[540, 182]
[53, 540]
[901, 53]
[532, 901]
[29, 532]
[513, 29]
[607, 513]
[856, 607]
[772, 856]
[583, 772]
[547, 583]
[424, 547]
[128, 424]
[45, 128]
[762, 45]
[102, 762]
[741, 102]
[973, 741]
[656, 973]
[267, 656]
[402, 267]
[851, 402]
[157, 851]
[311, 157]
[260, 311]
[158, 260]
[252, 158]
[346, 252]
[471, 346]
[993, 471]
[35, 993]
[309, 35]
[199, 309]
[2, 199]
[40, 2]
[280, 40]
[78, 280]
[81, 78]
[941, 81]
[475, 941]
[639, 475]
[159, 639]
[688, 159]
[58, 688]
[378, 58]
[8, 378]
[999, 8]
[635, 999]
[663, 635]
[63, 663]
[397, 63]
[673, 397]
[209, 673]
[67, 209]
[938, 67]
[362, 938]
[546, 362]
[631, 546]
[987, 631]
[936, 987]
[945, 936]
[115, 945]
[299, 115]
[87, 299]
[748, 87]
[548, 748]
[328, 548]
[124, 328]
[506, 124]
[992, 506]
[319, 992]
[766, 319]
[3, 766]
[412, 3]
[104, 412]
[990, 104]
[653, 990]
[71, 653]
[154, 71]
[978, 154]
[774, 978]
[112, 774]
[730, 112]
[891, 730]
[958, 891]
[873, 958]
[367, 873]
[660, 367]
[906, 660]
[560, 906]
[807, 560]
[193, 807]
[213, 193]
[603, 213]
[195, 603]
[278, 195]
[73, 278]
[836, 73]
[910, 836]
[957, 910]
[520, 957]
[456, 520]
[175, 456]
[827, 175]
[353, 827]
[808, 353]
[638, 808]
[142, 638]
[519, 142]
[119, 519]
[604, 119]
[767, 604]
[512, 767]
[219, 512]
[273, 219]
[553, 273]
[833, 553]
[865, 833]
[244, 865]
[415, 244]
[393, 415]
[538, 393]
[429, 538]
[946, 429]
[134, 946]
[729, 134]
[419, 729]
[834, 419]
[247, 834]
[878, 247]
[652, 878]
[789, 652]
[462, 789]
[544, 462]
[60, 544]
[43, 60]
[915, 43]
[396, 915]
[711, 396]
[677, 711]
[733, 677]
[791, 733]
[227, 791]
[769, 227]
[233, 769]
[671, 233]
[331, 671]
[838, 331]
[28, 838]
[455, 28]
[535, 455]
[580, 535]
[221, 580]
[20, 221]
[22, 20]
[347, 22]
[890, 347]
[413, 890]
[11, 413]
[750, 11]
[822, 750]
[707, 822]
[203, 707]
[795, 203]
[217, 795]
[798, 217]
[845, 798]
[543, 845]
[881, 543]
[962, 881]
[898, 962]
[812, 898]
[99, 812]
[275, 99]
[476, 275]
[675, 476]
[696, 675]
[592, 696]
[263, 592]
[578, 263]
[880, 578]
[903, 880]
[392, 903]
[180, 392]
[970, 180]
[950, 970]
[210, 950]
[297, 210]
[317, 297]
[478, 317]
[524, 478]
[870, 524]
[307, 870]
[406, 307]
[563, 406]
[492, 563]
[559, 492]
[184, 559]
[342, 184]
[511, 342]
[131, 511]
[509, 131]
[982, 509]
[782, 982]
[62, 782]
[21, 62]
[708, 21]
[914, 708]
[283, 914]
[96, 283]
[889, 96]
[448, 889]
[610, 448]
[303, 610]
[886, 303]
[249, 886]
[685, 249]
[75, 685]
[528, 75]
[121, 528]
[821, 121]
[216, 821]
[523, 216]
[191, 523]
[596, 191]
[57, 596]
[925, 57]
[417, 925]
[171, 417]
[408, 171]
[923, 408]
[129, 923]
[566, 129]
[940, 566]
[963, 940]
[76, 963]
[254, 76]
[383, 254]
[294, 383]
[430, 294]
[743, 430]
[190, 743]
[482, 190]
[691, 482]
[806, 691]
[765, 806]
[661, 765]
[593, 661]
[316, 593]
[148, 316]
[796, 148]
[359, 796]
[829, 359]
[939, 829]
[177, 939]
[633, 177]
[474, 633]
[738, 474]
[225, 738]
[826, 225]
[369, 826]
[968, 369]
[989, 968]
[229, 989]
[911, 229]
[36, 911]
[403, 36]
[783, 403]
[753, 783]
[463, 753]
[860, 463]
[595, 860]
[345, 595]
[785, 345]
[26, 785]
[110, 26]
[556, 110]
[51, 556]
[721, 51]
[66, 721]
[967, 66]
[684, 967]
[257, 684]
[712, 257]
[461, 712]
[276, 461]
[794, 276]
[714, 794]
[41, 714]
[136, 41]
[976, 136]
[872, 976]
[499, 872]
[421, 499]
[676, 421]
[981, 676]
[366, 981]
[420, 366]
[489, 420]
[321, 489]
[150, 321]
[47, 150]
[920, 47]
[709, 920]
[667, 709]
[894, 667]
[636, 894]
[31, 636]
[493, 31]
[811, 493]
[354, 811]
[994, 354]
[935, 994]
[55, 935]
[627, 55]
[929, 627]
[735, 929]
[348, 735]
[896, 348]
[405, 896]
[446, 405]
[404, 446]
[854, 404]
[949, 854]
[820, 949]
[431, 820]
[531, 431]
[518, 531]
[710, 518]
[427, 710]
[918, 427]
[80, 918]
[818, 80]
[862, 818]
[514, 862]
[381, 514]
[522, 381]
[932, 522]
[501, 932]
[568, 501]
[234, 568]
[322, 234]
[756, 322]
[385, 756]
[435, 385]
[39, 435]
[587, 39]
[208, 587]
[723, 208]
[555, 723]
[125, 555]
[187, 125]
[494, 187]
[567, 494]
[842, 567]
[387, 842]
[312, 387]
[315, 312]
[737, 315]
[447, 737]
[147, 447]
[998, 147]
[69, 998]
[459, 69]
[325, 459]
[301, 325]
[326, 301]
[530, 326]
[168, 530]
[508, 168]
[339, 508]
[425, 339]
[426, 425]
[679, 426]
[457, 679]
[204, 457]
[106, 204]
[581, 106]
[178, 581]
[237, 178]
[697, 237]
[368, 697]
[681, 368]
[805, 681]
[609, 805]
[760, 609]
[995, 760]
[916, 995]
[626, 916]
[165, 626]
[665, 165]
[857, 665]
[355, 857]
[565, 355]
[277, 565]
[23, 277]
[156, 23]
[521, 156]
[863, 521]
[439, 863]
[24, 439]
[449, 24]
[937, 449]
[777, 937]
[632, 777]
[197, 632]
[619, 197]
[545, 619]
[409, 545]
[864, 409]
[442, 864]
[93, 442]
[270, 93]
[718, 270]
[510, 718]
[771, 510]
[399, 771]
[779, 399]
[7, 779]
[332, 7]
[155, 332]
[88, 155]
[256, 88]
[780, 256]
[824, 780]
[895, 824]
[231, 895]
[525, 231]
[172, 525]
[956, 172]
[871, 956]
[109, 871]
[135, 109]
[151, 135]
[97, 151]
[238, 97]
[389, 238]
[50, 389]
[877, 50]
[727, 877]
[70, 727]
[440, 70]
[160, 440]
[515, 160]
[122, 515]
[183, 122]
[341, 183]
[340, 341]
[262, 340]
[437, 262]
[642, 437]
[181, 642]
[211, 181]
[9, 211]
[487, 9]
[167, 487]
[379, 167]
[330, 379]
[706, 330]
[224, 706]
[498, 224]
[186, 498]
[991, 186]
[351, 991]
[564, 351]
[570, 564]
[637, 570]
[572, 637]
[996, 572]
[241, 996]
[912, 241]
[287, 912]
[904, 287]
[893, 904]
[573, 893]
[517, 573]
[281, 517]
[668, 281]
[335, 668]
[265, 335]
[597, 265]
[713, 597]
[695, 713]
[655, 695]
[12, 655]
[139, 12]
[170, 139]
[444, 170]
[971, 444]
[629, 971]
[503, 629]
[54, 503]
[200, 54]
[612, 200]
[699, 612]
[944, 699]
[651, 944]
[830, 651]
[742, 830]
[724, 742]
[959, 724]
[384, 959]
[810, 384]
[758, 810]
[759, 758]
[605, 759]
[823, 605]
[74, 823]
[108, 74]
[534, 108]
[33, 534]
[372, 33]
[290, 372]
[986, 290]
[800, 986]
[933, 800]
[207, 933]
[775, 207]
[90, 775]
[465, 90]
[25, 465]
[452, 25]
[467, 452]
[551, 467]
[927, 551]
[302, 927]
[495, 302]
[579, 495]
[130, 579]
[82, 130]
[527, 82]
[504, 527]
[48, 504]
[236, 48]
[374, 236]
[140, 374]
[486, 140]
[185, 486]
[83, 185]
[577, 83]
[813, 577]
[839, 813]
[786, 839]
[875, 786]
[819, 875]
[333, 819]
[166, 333]
[584, 166]
[837, 584]
[481, 837]
[458, 481]
[594, 458]
[149, 594]
[892, 149]
[107, 892]
[394, 107]
[65, 394]
[286, 65]
[617, 286]
[825, 617]
[86, 825]
[526, 86]
[955, 526]
[787, 955]
[844, 787]
[720, 844]
[356, 720]
[313, 356]
[164, 313]
[72, 164]
[630, 72]
[226, 630]
[365, 226]
[536, 365]
[799, 536]
[144, 799]
[670, 144]
[242, 670]
[682, 242]
[715, 682]
[300, 715]
[770, 300]
[909, 770]
[146, 909]
[792, 146]
[291, 792]
[969, 291]
[516, 969]
[91, 516]
[590, 91]
[726, 590]
[279, 726]
[669, 279]
[649, 669]
[788, 649]
[954, 788]
[16, 954]
[264, 16]
[934, 264]
[965, 934]
[757, 965]
[747, 757]
[243, 747]
[59, 243]
[972, 59]
[648, 972]
[751, 648]
[343, 751]
[858, 343]
[640, 858]
[801, 640]
[621, 801]
[101, 621]
[505, 101]
[258, 505]
[111, 258]
[549, 111]
[162, 549]
[143, 162]
[846, 143]
[586, 846]
[49, 586]
[479, 49]
[295, 479]
[809, 295]
[625, 809]
[5, 625]
[666, 5]
[248, 666]
[622, 248]
[618, 622]
[77, 618]
[250, 77]
[942, 250]
[831, 942]
[100, 831]
[360, 100]
[410, 360]
[776, 410]
[624, 776]
[883, 624]
[432, 883]
[105, 432]
[453, 105]
[562, 453]
[352, 562]
[802, 352]
[690, 802]
[964, 690]
[876, 964]
[701, 876]
[484, 701]
[855, 484]
[613, 855]
[473, 613]
[371, 473]
[558, 371]
[338, 558]
[764, 338]
[659, 764]
[288, 659]
[884, 288]
[380, 884]
[120, 380]
[95, 120]
[634, 95]
[745, 634]
[423, 745]
[575, 423]
[306, 575]
[985, 306]
[401, 985]
[815, 401]
[363, 815]
[296, 363]
[984, 296]
[692, 984]
[643, 692]
[951, 643]
[658, 951]
[68, 658]
[376, 68]
[974, 376]
[163, 974]
[98, 163]
[114, 98]
[961, 114]
[329, 961]
[32, 329]
[600, 32]
[230, 600]
[116, 230]
[683, 116]
[853, 683]
[416, 853]
[215, 416]
[843, 215]
[693, 843]
[797, 693]
[17, 797]
[298, 17]
[451, 298]
[488, 451]
[539, 488]
[118, 539]
[176, 118]
[700, 176]
[948, 700]
[645, 948]
[561, 645]
[497, 561]
[324, 497]
[585, 324]
[868, 585]
[173, 868]
[364, 173]
[885, 364]
[428, 885]
[734, 428]
[308, 734]
[496, 308]
[717, 496]
[977, 717]
[336, 977]
[736, 336]
[703, 736]
[269, 703]
[305, 269]
[477, 305]
[61, 477]
[781, 61]
[220, 781]
[285, 220]
[222, 285]
[232, 222]
[255, 232]
[966, 255]
[205, 966]
[337, 205]
[85, 337]
[980, 85]
[292, 980]
[664, 292]
[206, 664]
[582, 206]
[529, 582]
[814, 529]
[840, 814]
[310, 840]
[869, 310]
[52, 869]
[15, 52]
[89, 15]
[92, 89]
[979, 92]
[859, 979]
[905, 859]
[94, 905]
[930, 94]
[126, 930]
[454, 126]
[647, 454]
[763, 647]
[266, 763]
[975, 266]
[472, 975]
[314, 472]
[554, 314]
[755, 554]
[56, 755]
[272, 56]
[138, 272]
[13, 138]
[926, 13]
[569, 926]
[228, 569]
[611, 228]
[900, 611]
[917, 900]
[304, 917]
[716, 304]
[400, 716]
[919, 400]
[601, 919]
[644, 601]
[407, 644]
[174, 407]
[490, 174]
[698, 490]
[194, 698]
[947, 194]
[318, 947]
[223, 318]
[704, 223]
[790, 704]
[418, 790]
[616, 418]
[386, 616]
[650, 386]
[127, 650]
[861, 127]
[141, 861]
[960, 141]
[466, 960]
[202, 466]
[344, 202]
[103, 344]
[152, 103]
[245, 152]
[391, 245]
[657, 391]
[847, 657]
[888, 847]
[212, 888]
[470, 212]
[902, 470]
[251, 902]
[271, 251]
[201, 271]
[739, 201]
[349, 739]
[879, 349]
[922, 879]
[674, 922]
[289, 674]
[46, 289]
[768, 46]
[358, 768]
[1, 358]
[866, 1]
[953, 866]
[628, 953]
[576, 628]
[662, 576]
[259, 662]
[123, 259]
[602, 123]
[591, 602]
[485, 591]
[732, 485]
[350, 732]
[832, 350]
[253, 832]
[678, 253]
[804, 678]
[196, 804]
[754, 196]
[722, 754]
[852, 722]
[908, 852]
[502, 908]
[54, 892]
[204, 823]
[773, 422]
[181, 424]
[481, 727]
[229, 507]
[439, 603]
[526, 145]
[119, 596]
[488, 360]
[544, 558]
[353, 173]
[424, 928]
[214, 293]
[711, 699]
[507, 682]
[596, 71]
[258, 461]
[9, 489]
[327, 428]
[939, 409]
[326, 344]
[380, 806]
[461, 463]
[697, 585]
[703, 99]
[165, 195]
[519, 395]
[546, 198]
[765, 756]
[769, 427]
[634, 343]
[796, 348]
[471, 179]
[505, 473]
[479, 506]
[405, 451]
[322, 229]
[992, 784]
[725, 203]
[658, 284]
[340, 480]
[554, 37]
[750, 193]
[318, 775]
[508, 336]
[0, 376]
[890, 503]
[277, 793]
[827, 644]
[828, 723]
[864, 510]
[74, 497]
[536, 506]
[549, 224]
[444, 803]
[20, 328]
[562, 47]
[221, 954]
[547, 326]
[983, 295]
[95, 951]
[35, 310]
[197, 776]
[349, 210]
[675, 860]
[614, 800]
[494, 999]
[945, 959]
[257, 585]
[236, 664]
[692, 514]
[145, 397]
[554, 918]
[59, 556]
[433, 37]
[851, 60]
[574, 435]
[752, 742]
[620, 702]
[262, 528]
[645, 735]
[499, 313]
[190, 475]
[404, 740]
[834, 492]
[379, 559]
[819, 116]
[404, 231]
[787, 952]
[423, 541]
[786, 912]
[564, 209]
[596, 772]
[462, 442]
[711, 974]
[149, 278]
[346, 484]
[502, 240, 4, 719, 235, 18, 921, 588, 44, 491, 169, 370, 746, 261, 533, 615, 436, 705, 327, 179, 500, 198, 460, 646, 414, 282, 694, 323, 117, 268, 931, 599, 395, 450, 589, 988, 84, 816, 887, 907, 623, 773, 867, 778, 38, 441, 541, 239, 34, 246, 552, 507, 133, 468, 752, 557, 728, 850, 192, 848, 680, 997, 620, 598, 874, 571, 388, 689, 214, 913, 375, 19, 686, 924, 113, 952, 218, 79, 731, 382, 744, 293, 672, 943, 574, 422, 702, 740, 320, 897, 390, 841, 817, 928, 433, 284, 10, 983, 357, 42, 882, 334, 641, 14, 274, 434, 443, 161, 189, 835, 480, 361, 614, 899, 849, 27, 30, 438, 749, 542, 608, 145, 398, 411, 373, 761, 687, 188, 6, 828, 469, 784, 654, 803, 550, 377, 153, 132, 464, 725, 137, 483, 606, 0, 37, 445, 64, 793, 537, 182, 540, 53, 901, 532, 29, 513, 607, 856, 772, 583, 547, 424, 128, 45, 762, 102, 741, 973, 656, 267, 402, 851, 157, 311, 260, 158, 252, 346, 471, 993, 35, 309, 199, 2, 40, 280, 78, 81, 941, 475, 639, 159, 688, 58, 378, 8, 999, 635, 663, 63, 397, 673, 209, 67, 938, 362, 546, 631, 987, 936, 945, 115, 299, 87, 748, 548, 328, 124, 506, 992, 319, 766, 3, 412, 104, 990, 653, 71, 154, 978, 774, 112, 730, 891, 958, 873, 367, 660, 906, 560, 807, 193, 213, 603, 195, 278, 73, 836, 910, 957, 520, 456, 175, 827, 353, 808, 638, 142, 519, 119, 604, 767, 512, 219, 273, 553, 833, 865, 244, 415, 393, 538, 429, 946, 134, 729, 419, 834, 247, 878, 652, 789, 462, 544, 60, 43, 915, 396, 711, 677, 733, 791, 227, 769, 233, 671, 331, 838, 28, 455, 535, 580, 221, 20, 22, 347, 890, 413, 11, 750, 822, 707, 203, 795, 217, 798, 845, 543, 881, 962, 898, 812, 99, 275, 476, 675, 696, 592, 263, 578, 880, 903, 392, 180, 970, 950, 210, 297, 317, 478, 524, 870, 307, 406, 563, 492, 559, 184, 342, 511, 131, 509, 982, 782, 62, 21, 708, 914, 283, 96, 889, 448, 610, 303, 886, 249, 685, 75, 528, 121, 821, 216, 523, 191, 596, 57, 925, 417, 171, 408, 923, 129, 566, 940, 963, 76, 254, 383, 294, 430, 743, 190, 482, 691, 806, 765, 661, 593, 316, 148, 796, 359, 829, 939, 177, 633, 474, 738, 225, 826, 369, 968, 989, 229, 911, 36, 403, 783, 753, 463, 860, 595, 345, 785, 26, 110, 556, 51, 721, 66, 967, 684, 257, 712, 461, 276, 794, 714, 41, 136, 976, 872, 499, 421, 676, 981, 366, 420, 489, 321, 150, 47, 920, 709, 667, 894, 636, 31, 493, 811, 354, 994, 935, 55, 627, 929, 735, 348, 896, 405, 446, 404, 854, 949, 820, 431, 531, 518, 710, 427, 918, 80, 818, 862, 514, 381, 522, 932, 501, 568, 234, 322, 756, 385, 435, 39, 587, 208, 723, 555, 125, 187, 494, 567, 842, 387, 312, 315, 737, 447, 147, 998, 69, 459, 325, 301, 326, 530, 168, 508, 339, 425, 426, 679, 457, 204, 106, 581, 178, 237, 697, 368, 681, 805, 609, 760, 995, 916, 626, 165, 665, 857, 355, 565, 277, 23, 156, 521, 863, 439, 24, 449, 937, 777, 632, 197, 619, 545, 409, 864, 442, 93, 270, 718, 510, 771, 399, 779, 7, 332, 155, 88, 256, 780, 824, 895, 231, 525, 172, 956, 871, 109, 135, 151, 97, 238, 389, 50, 877, 727, 70, 440, 160, 515, 122, 183, 341, 340, 262, 437, 642, 181, 211, 9, 487, 167, 379, 330, 706, 224, 498, 186, 991, 351, 564, 570, 637, 572, 996, 241, 912, 287, 904, 893, 573, 517, 281, 668, 335, 265, 597, 713, 695, 655, 12, 139, 170, 444, 971, 629, 503, 54, 200, 612, 699, 944, 651, 830, 742, 724, 959, 384, 810, 758, 759, 605, 823, 74, 108, 534, 33, 372, 290, 986, 800, 933, 207, 775, 90, 465, 25, 452, 467, 551, 927, 302, 495, 579, 130, 82, 527, 504, 48, 236, 374, 140, 486, 185, 83, 577, 813, 839, 786, 875, 819, 333, 166, 584, 837, 481, 458, 594, 149, 892, 107, 394, 65, 286, 617, 825, 86, 526, 955, 787, 844, 720, 356, 313, 164, 72, 630, 226, 365, 536, 799, 144, 670, 242, 682, 715, 300, 770, 909, 146, 792, 291, 969, 516, 91, 590, 726, 279, 669, 649, 788, 954, 16, 264, 934, 965, 757, 747, 243, 59, 972, 648, 751, 343, 858, 640, 801, 621, 101, 505, 258, 111, 549, 162, 143, 846, 586, 49, 479, 295, 809, 625, 5, 666, 248, 622, 618, 77, 250, 942, 831, 100, 360, 410, 776, 624, 883, 432, 105, 453, 562, 352, 802, 690, 964, 876, 701, 484, 855, 613, 473, 371, 558, 338, 764, 659, 288, 884, 380, 120, 95, 634, 745, 423, 575, 306, 985, 401, 815, 363, 296, 984, 692, 643, 951, 658, 68, 376, 974, 163, 98, 114, 961, 329, 32, 600, 230, 116, 683, 853, 416, 215, 843, 693, 797, 17, 298, 451, 488, 539, 118, 176, 700, 948, 645, 561, 497, 324, 585, 868, 173, 364, 885, 428, 734, 308, 496, 717, 977, 336, 736, 703, 269, 305, 477, 61, 781, 220, 285, 222, 232, 255, 966, 205, 337, 85, 980, 292, 664, 206, 582, 529, 814, 840, 310, 869, 52, 15, 89, 92, 979, 859, 905, 94, 930, 126, 454, 647, 763, 266, 975, 472, 314, 554, 755, 56, 272, 138, 13, 926, 569, 228, 611, 900, 917, 304, 716, 400, 919, 601, 644, 407, 174, 490, 698, 194, 947, 318, 223, 704, 790, 418, 616, 386, 650, 127, 861, 141, 960, 466, 202, 344, 103, 152, 245, 391, 657, 847, 888, 212, 470, 902, 251, 271, 201, 739, 349, 879, 922, 674, 289, 46, 768, 358, 1, 866, 953, 628, 576, 662, 259, 123, 602, 591, 485, 732, 350, 832, 253, 678, 804, 196, 754, 722, 852, 908]729]
[424, 852]
[985, 316]
[149, 918]
[997, 927]
[431, 677]
[422, 163]
[664, 636]
[859, 650]
[614, 912]
[582, 710]
[236, 269]
[242, 987]
[516, 395]
[802, 173]
[910, 260]
[297, 597]
[478, 791]
[229, 506]
[79, 812]
[37, 837]
[576, 489]
[115, 289]
[425, 777]
[538, 157]
[518, 523]
[694, 3]
[650, 998]
[335, 725]
[247, 542]
[475, 582]
[936, 752]
[362, 744]
[704, 950]
[381, 754]
[83, 265]
[142, 497]
[327, 266]
[350, 481]
[253, 293]
[346, 258]
[478, 538]
[17, 412]
[926, 313]
[766, 203]
[162, 546]
[599, 89]
[803, 301]
[628, 443]
[65, 589]
[397, 294]
[891, 411]
[155, 446]
[909, 305]
[16, 391]
[434, 74]
[656, 323]
[414, 606]
[478, 601]
[149, 376]
[148, 965]
[705, 551]
[948, 936]
[989, 137]
[301, 235]
[687, 273]
[980, 239]
[739, 143]
[417, 342]
[1, 727]
[828, 523]
[0, 580]
[743, 659]
[167, 355]
[417, 331]
[782, 415]
[692, 695]
[378, 618]
[716, 177]
[801, 14]
[633, 829]
[809, 939]
[802, 694]
[151, 755]
[800, 7]
[835, 103]
[533, 785]
[699, 844]
[876, 633]
[5, 661]
[91, 725]
[690, 680]
[802, 681]
[770, 801]
[32, 195]
[893, 837]
[274, 976]
[550, 702]
[258, 924]
[329, 742]
[118, 144]
[666, 562]
[179, 417]
[226, 143]
[294, 616]
[238, 137]
[265, 560]
[737, 778]
[972, 11]
[401, 241]
[595, 471]
[625, 35]
[898, 947]
[469, 966]
[373, 116]
[225, 713]
[819, 888]
[697, 455]
[943, 842]
[90, 187]
[378, 559]
[849, 707]
[679, 728]
[989, 590]
[333, 154]
[840, 853]
[997, 117]
[284, 307]
[637, 640]
[264, 400]
[436, 477]
[92, 843]
[891, 945]
[856, 15]
[343, 197]
[324, 202]
[494, 939]
[148, 291]
[837, 500]
[424, 982]
[840, 288]
[285, 776]
[179, 348]
[840, 533]
[85, 901]
[592, 551]
[924, 109]
[325, 454]
[108, 886]
[310, 458]
[171, 302]
[195, 4]
[521, 230]
[512, 315]
[597, 232]
[418, 217]
[365, 310]
[924, 665]
[423, 245]
[115, 686]
[846, 988]
[460, 714]
[491, 724]
[133, 556]
[653, 652]
[173, 707]
[670, 270]
[345, 715]
[898, 597]
[73, 247]
[664, 563]
[995, 445]
[310, 474]
[198, 586]
[138, 88]
[712, 952]
[273, 130]
[665, 67]
[306, 112]
[187, 479]
[746, 520]
[283, 583]
[52, 88]
[598, 272]
[741, 330]
[537, 707]
[512, 306]
[613, 558]
[980, 69]
[432, 806]
[219, 10]
[17, 281]
[78, 48]
[903, 750]
[633, 667]
[608, 655]
[982, 949]
[234, 985]
[930, 800]
[692, 268]
[317, 897]
[40, 927]
[242, 657]
[215, 603]
[391, 581]
[646, 38]
[416, 144]
[906, 130]
[706, 383]
[165, 159]
[652, 408]
[9, 217]
[95, 933]
[765, 54]
[256, 87]
[167, 679]
[548, 490]
[223, 796]
[884, 781]
[605, 5]
[844, 912]
[60, 778]
[920, 364]
[178, 493]
[929, 380]
[942, 567]
[787, 283]
[78, 212]
[319, 417]
[224, 959]
[110, 219]
[856, 539]
[106, 459]
[662, 601]
[942, 358]
[374, 837]
[577, 882]
[752, 989]
[606, 780]
[242, 205]
[180, 771]
[311, 557]
[989, 148]
[241, 576]
[563, 403]
[66, 291]
[851, 437]
[724, 263]
[364, 846]
[433, 142]
[765, 794]
[2, 929]
[786, 778]
[613, 923]
[869, 252]
[51, 642]
[441, 330]
[923, 40]
[461, 200]
[945, 261]
[691, 4]
[199, 274]
[140, 82]
[468, 953]
[816, 251]
[234, 510]
[603, 490]
[88, 456]
[474, 622]
[683, 915]
[141, 436]
[577, 572]
[718, 4]
[465, 948]
[684, 832]
[148, 800]
[478, 914]
[830, 920]
[440, 115]
[399, 322]
[615, 71]
[275, 721]
[501, 957]
[497, 327]
[369, 720]
[825, 32]
[825, 962]
[854, 972]
[988, 527]
[632, 945]
[457, 115]
[747, 62]
[271, 327]
[968, 786]
[551, 232]
[809, 701]
[935, 840]
[584, 12]
[815, 53]
[235, 489]
[533, 859]
[512, 244]
[702, 14]
[489, 241]
[528, 960]
[765, 563]
[305, 469]
[25, 697]
[177, 766]
[858, 100]
[814, 690]
[137, 467]
[548, 606]
[899, 869]
[65, 523]
[293, 662]
[912, 842]
[635, 422]
[745, 933]
[854, 558]
[105, 415]
[516, 707]
[189, 508]
[479, 465]
[582, 232]
[471, 194]
[653, 385]
[903, 281]
[877, 991]
[537, 344]
[843, 746]
[510, 672]
[819, 171]
[145, 895]
[965, 823]
[231, 648]
[648, 5]
[652, 699]
[376, 811]
[585, 241]
[785, 327]
[542, 885]
[238, 357]
[417, 568]
[684, 244]
[598, 678]
[447, 435]
[542, 924]
[494, 1]
[980, 639]
[155, 786]
[374, 597]
[962, 188]
[554, 183]
[561, 453]
[184, 456]
[295, 473]
[685, 3]
[87, 774]
[673, 814]
[89, 179]
[695, 371]
[540, 757]
[997, 428]
[63, 299]
[964, 213]
[73, 81]
[316, 218]
[925, 282]
[696, 211]
[121, 33]
[53, 484]
[117, 598]
[760, 25]
[70, 538]
[787, 85]
[741, 219]
[801, 553]
[791, 544]
[379, 827]
[238, 122]
[627, 888]
[187, 859]
[151, 287]
[228, 97]
[11, 48]
[756, 2]
[218, 833]
[98, 106]
[593, 117]
[514, 994]
[243, 256]
[209, 743]
[700, 244]
[788, 435]
[111, 316]
[484, 21]
[891, 57]
[539, 121]
[650, 838]
[44, 172]
[857, 535]
[746, 972]
[456, 315]
[765, 110]
[378, 939]
[248, 286]
[93, 23]
[293, 400]
[847, 221]
[883, 695]
[982, 878]
[314, 976]
[671, 678]
[550, 235]
[54, 421]
[37, 88]
[125, 843]
[50, 629]
[941, 353]
[184, 862]
[228, 281]
[363, 688]
[635, 338]
[945, 663]
[565, 760]
[651, 64]
[243, 707]
[828, 285]
[504, 221]
[530, 473]
[21, 420]
[428, 214]
[211, 257]
[552, 309]
[355, 23]
[386, 224]
[22, 584]
[347, 513]
[636, 759]
[972, 824]
[657, 363]
[210, 154]
[426, 462]
[202, 75]
[298, 912]
[814, 210]
[272, 542]
[364, 142]
[884, 773]
[707, 276]
[337, 394]
[937, 57]
[44, 263]
[944, 789]
[821, 491]
[894, 959]
[476, 739]
[612, 972]
[888, 341]
[855, 555]
[59, 598]
[518, 865]
[5, 126]
[846, 674]
[569, 351]
[756, 940]
[135, 188]
[566, 88]
[558, 551]
[494, 197]
[726, 345]
[832, 609]
[964, 214]
[804, 103]
[104, 246]
[522, 190]
[483, 660]
[989, 241]
[169, 768]
[734, 833]
[380, 138]
[486, 246]
[754, 249]
[839, 60]
[278, 511]
[732, 351]
[84, 517]
[901, 541]
[806, 730]
[540, 322]
[900, 502]
[413, 903]
[985, 639]
[131, 368]
[938, 291]
[681, 857]
[563, 858]
[912, 110]
[196, 246]
[232, 541]
[952, 247]
[315, 925]
[373, 615]
[264, 424]
[21, 384]
[495, 424]
[443, 86]
[594, 754]
[180, 868]
[820, 166]
[379, 565]
[22, 412]
[657, 117]
[962, 561]
[489, 226]
[468, 823]
[796, 861]
[853, 191]
[855, 930]
[239, 429]
[264, 222]
[902, 491]
[9, 62]
[978, 548]
[790, 362]
[849, 436]
[822, 832]
[968, 770]
[804, 189]
[989, 107]
[68, 94]
[159, 494]
[911, 12]
[59, 585]
[813, 983]
[430, 83]
[208, 134]
[202, 617]
[153, 18]
[93, 855]
[113, 414]
[172, 974]
[112, 839]
[399, 453]
[711, 273]
[214, 122]
[242, 70]
[460, 265]
[95, 722]
[314, 978]
[308, 371]
[474, 559]
[766, 194]
[154, 372]
[746, 464]
[517, 264]
[328, 966]
[87, 23]
[248, 937]
[62, 627]
[652, 925]
[406, 898]
[932, 115]
[396, 765]
[764, 377]
[479, 621]
[471, 593]
[86, 554]
[82, 927]
[750, 299]
[869, 618]
[909, 504]
[979, 605]
[28, 870]
[524, 315]
[255, 537]
[95, 721]
[141, 232]
[570, 619]
[117, 356]
[678, 349]
[152, 432]
[25, 774]
[664, 549]
[827, 342]
[458, 628]
[258, 578]
[140, 834]
[492, 344]
[455, 132]
[49, 814]
[513, 633]
[79, 943]
[822, 887]
[738, 835]
[524, 90]
[298, 332]
[394, 605]
[657, 485]
[563, 316]
[626, 369]
[834, 821]
[227, 52]
[835, 117]
[107, 530]
[542, 209]
[92, 290]
[819, 115]
[324, 815]
[510, 288]
[742, 246]
[796, 400]
[354, 817]
[503, 61]
[44, 347]
[915, 653]
[456, 812]
[626, 253]
[410, 323]
[683, 846]
[38, 37]
[918, 72]
[72, 232]
[199, 642]
[157, 84]
[110, 680]
[487, 661]
[317, 939]
[613, 690]
[245, 254]
[22, 88]
[424, 307]
[624, 494]
[762, 506]
[897, 382]
[898, 295]
[254, 712]
[458, 110]
[362, 828]
[328, 399]
[341, 702]
[60, 615]
[656, 817]
[978, 537]
[336, 575]
[401, 727]
[78, 139]
[142, 726]
[81, 671]
[707, 521]
[49, 578]
[174, 199]
[797, 790]
[163, 456]
[625, 698]
[251, 198]
[799, 242]
[320, 149]
[623, 825]
[205, 975]
[941, 454]
[332, 684]
[804, 725]
[502, 252]
[882, 642]
[634, 990]
[986, 700]
[999, 194]
[690, 56]
[945, 307]
[296, 0]
[438, 1]
[149, 168]
[238, 265]
[64, 1]
[109, 497]
[814, 397]
[149, 200]
[475, 139]
[70, 223]
[989, 838]
[6, 768]
[766, 413]
[303, 679]
[146, 728]
[433, 742]
[600, 943]
[453, 959]
[892, 936]
[484, 344]
[103, 16]
[876, 72]
[864, 148]
[405, 952]
[747, 644]
[699, 166]
[596, 243]
[390, 521]
[990, 109]
[472, 484]
[861, 937]
[510, 198]
[938, 353]
[470, 152]
[161, 311]
[438, 127]
[824, 723]
[803, 749]
[503, 995]
[229, 484]
[978, 276]
[844, 90]
[117, 604]
[519, 92]
[244, 717]
[209, 368]
[528, 709]
[708, 514]
[199, 972]
[476, 637]
[70, 322]
[353, 551]
[294, 737]
[452, 742]
[987, 565]
[277, 808]
[882, 851]
[88, 376]
[525, 566]
[958, 952]
[851, 734]
[237, 277]
[900, 856]
[69, 248]
[677, 943]
[649, 617]
[989, 662]
[947, 36]
[999, 863, 705, 706, 155, 619, 128, 930, 17, 975, 133, 436, 944, 778, 941, 814, 143, 920, 991, 275, 272, 454, 472, 862, 503, 424, 217, 186, 845, 933, 592, 821, 629, 860, 822, 421, 724, 844, 878, 188, 733, 106, 323, 854, 26, 738, 618, 608, 506, 214, 285, 615, 887, 879, 594, 857, 466, 21, 611, 500, 461, 621, 654, 530, 149, 886, 360, 839, 418, 199, 890, 40, 169, 178, 512, 652, 352, 385, 632, 381, 263, 921, 983, 315, 114, 670, 241, 693, 836, 919, 182, 549, 582, 966, 440, 721, 932, 464, 234, 947, 200, 45, 616, 161, 772, 749, 808, 571, 416, 848, 5, 76, 34, 849, 914, 176, 400, 911, 31, 340, 374, 563, 164, 701, 794, 664, 742, 656, 255, 308, 261, 230, 271, 47, 547, 600, 4, 545, 548, 469, 61, 743, 574, 394, 889, 752, 520, 759, 726, 284, 998, 829, 646, 909, 585, 795, 196, 748, 993, 344, 800, 343, 361, 12, 326, 435, 510, 931, 906, 918, 190, 278, 847, 484, 53, 266, 901, 576, 153, 37, 587, 297, 212, 191, 80, 923, 675, 964, 761, 462, 590, 552, 457, 68, 882, 516, 992, 718, 546, 676, 666, 332, 885, 507, 218, 575, 130, 15, 292, 287, 569, 148, 30, 602, 976, 222, 289, 438, 299, 544, 597, 301, 371, 475, 224, 121, 768, 70, 515, 540, 407, 513, 264, 558, 791, 538, 737, 635, 429, 252, 151, 342, 302, 554, 448, 531, 971, 974, 980, 258, 72, 411, 325, 170, 858, 144, 922, 108, 989, 166, 303, 430, 551, 833, 173, 86, 455, 880, 198, 949, 22, 250, 787, 912, 85, 796, 427, 566, 776, 110, 672, 892, 307, 109, 456, 36, 739, 449, 786, 280, 518, 179, 751, 834, 439, 601, 593, 433, 982, 204, 898, 812, 428, 703, 973, 310, 979, 595, 636, 254, 288, 24, 203, 89, 584, 268, 729, 221, 172, 627, 35, 175, 321, 908, 159, 695, 643, 572, 644, 535, 354, 64, 118, 44, 730, 604, 395, 91, 154, 710, 444, 714, 397, 481, 239, 802, 138, 96, 553, 447, 483, 246, 63, 496, 655, 322, 994, 934, 413, 861, 77, 525, 753, 66, 799, 894, 763, 764, 495, 126, 876, 866, 460, 401, 293, 54, 102, 970, 638, 897, 376, 103, 482, 777, 583, 478, 131, 372, 683, 907, 962, 565, 0, 29, 536, 747, 450, 494, 625, 465, 295, 605, 653, 55, 671, 820, 181, 825, 488, 341, 452, 136, 362, 708, 986, 580, 48, 215, 755, 152, 73, 642, 694, 417, 607, 160, 613, 842, 837, 324, 329, 875, 972, 355, 112, 383, 318, 185, 841, 734, 387, 722, 404, 71, 599, 770, 373, 779, 485, 682, 981, 195, 744, 378, 586, 113, 2, 192, 146, 950, 827, 389, 59, 685, 774, 883, 208, 511, 248, 550, 935, 977, 245, 736, 489, 969, 741, 98, 331, 79, 987, 910, 189, 330, 925, 474, 661, 339, 347, 731, 628, 641, 746, 658, 537, 171, 902, 219, 840, 262, 561, 617, 960, 431, 434, 316, 356, 167, 756, 651, 134, 237, 84, 279, 750, 639, 852, 606, 335, 123, 463, 296, 559, 570, 766, 900, 41, 393, 589, 789, 390, 309, 235, 782, 581, 943, 16, 955, 291, 760, 42, 158, 92, 614, 573, 313, 187, 916, 353, 867, 679, 50, 529, 567, 445, 869, 523, 767, 945, 415, 270, 773, 358, 790, 405, 542, 988, 965, 419, 88, 90, 19, 577, 379, 414, 443, 798, 183, 543, 366, 596, 681, 832, 881, 11, 83, 702, 680, 282, 14, 904, 402, 194, 562, 193, 228, 412, 797, 480, 968, 534, 667, 197, 686, 359, 712, 46, 924, 913, 830, 437, 220, 891, 780, 727, 257, 116, 657, 754, 533, 122, 226, 184, 888, 811, 273, 259, 521, 810, 591, 560, 514, 961, 819, 240, 334, 623, 119, 517, 899, 958, 286, 813, 87, 382, 232, 649, 610, 956, 564, 392, 111, 78, 492, 929, 677, 663, 771, 579, 124, 345, 391, 147, 277, 624, 317, 99, 720, 426, 634, 665, 508, 207, 209, 674, 868, 709, 499, 978, 441, 620, 304, 855, 210, 497, 75, 453, 104, 824, 905, 319, 370, 39, 458, 807, 784, 865, 74, 236, 150, 491, 719, 647, 69, 67, 871, 20, 233, 504, 406, 826, 1, 94, 486, 769, 398, 526, 637, 320, 32, 399, 711, 43, 201, 816, 963, 137, 60, 509, 338, 145, 524, 715, 678, 476, 388, 180, 806, 541, 959, 384, 163, 231, 803, 640, 942, 459, 367, 877, 817, 690, 97, 468, 843, 781, 377, 470, 369, 467, 365, 815, 206, 23, 422, 793, 157, 995, 505, 386, 95, 765, 409, 917, 732, 81, 939, 380, 244, 346, 403, 856, 528, 522, 348, 49, 336, 328, 804, 177, 707, 859, 645, 312, 853, 62, 8, 337, 792, 539, 725, 140, 740, 648, 300, 659, 229, 884, 818, 954, 117, 260, 142, 937, 363, 135, 928, 872, 957, 396, 174, 432, 846, 471, 936, 139, 805, 125, 18, 609, 874, 588, 633, 828, 688, 3, 838, 364, 333, 723, 281, 556, 915, 479, 446, 873, 927, 851, 100, 487, 692, 93, 490, 168, 689, 9, 527, 247, 557, 238, 493, 612, 473, 691, 249, 225, 951, 990, 669, 267, 668, 762, 107, 253, 162, 967, 728, 684, 298, 290, 82, 660, 519, 256, 269, 423, 156, 306, 6, 205, 242, 227, 835, 410, 896, 801, 294, 698, 631, 700, 129, 213, 265, 51, 10, 132, 603, 141, 28, 745, 375, 622, 809, 120, 985, 501, 202, 555, 274, 368, 311, 850, 38, 940, 349, 716, 696, 785, 25, 568, 697, 351, 65, 938, 650, 946, 997, 831, 895, 630, 408, 105, 56, 870, 788, 903, 115, 699, 327, 27, 996, 984, 101, 283, 350, 305, 165, 704, 52, 58, 502, 775, 713, 442, 57, 251, 717, 953, 223, 532, 477, 673, 948, 823, 243, 420, 662, 451, 735, 127, 598, 926, 216, 783, 578, 211, 687, 7, 276, 498, 626, 952, 314, 758, 893, 864, 425, 357, 33, 757, 13]979]
[265, 597]
[257, 26]
[545, 442]
[8, 152]
[202, 769]
[88, 256]
[445, 161]
[153, 589]
[514, 456]
[565, 584]
[625, 160]
[829, 726]
[519, 420]
[60, 788]
[355, 230]
[234, 706]
[133, 470]
[788, 405]
[452, 28]
[960, 677]
[546, 442]
[550, 8]
[625, 415]
[412, 946]
[888, 496]
[455, 943]
[974, 175]
[124, 664]
[714, 961]
[220, 388]
[761, 326]
[799, 835]
[501, 68]
[73, 42]
[851, 265]
[237, 186]
[192, 721]
[287, 367]
[529, 123]
[904, 617]
[588, 296]
[334, 269]
[844, 244]
[7, 606]
[835, 171]
[51, 550]
[154, 541]
[264, 93]
[565, 656]
[128, 715]
[297, 158]
[98, 785]
[699, 557]
[198, 351]
[846, 943]
[897, 830]
[260, 785]
[138, 996]
[904, 888]
[640, 881]
[383, 838]
[878, 360]
[936, 851]
[415, 83]
[689, 329]
[371, 553]
[276, 431]
[237, 662]
[46, 171]
[184, 873]
[248, 217]
[886, 981]
[434, 610]
[863, 867]
[41, 346]
[301, 821]
[473, 927]
[21, 949]
[570, 719]
[156, 856]
[703, 833]
[661, 531]
[386, 589]
[955, 130]
[857, 399]
[564, 257]
[535, 501]
[787, 901]
[476, 926]
[880, 717]
[224, 960]
[305, 923]
[99, 411]
[683, 259]
[4, 606]
[653, 308]
[123, 633]
[816, 530]
[15, 130]
[880, 708]
[104, 868]
[26, 640]
[936, 980]
[98, 171]
[961, 271]
[977, 819]
[217, 810]
[473, 425]
[493, 545]
[420, 8]
[65, 203, 469, 419, 722, 791, 891, 733, 331, 102, 415, 557, 207, 868, 880, 27, 44, 440, 929, 823, 484, 629, 747, 659, 528, 93, 918, 292, 790, 614, 635, 73, 596, 406, 37, 381, 515, 382, 313, 902, 819, 603, 421, 75, 549, 948, 996, 670, 959, 335, 882, 533, 506, 38, 404, 952, 214, 481, 723, 47, 460, 752, 967, 76, 308, 887, 79, 886, 133, 751, 328, 475, 250, 196, 949, 336, 838, 83, 592, 41, 704, 9, 167, 963, 280, 799, 125, 830, 523, 600, 233, 488, 763, 502, 625, 8, 807, 173, 618, 568, 391, 56, 869, 254, 905, 159, 471, 410, 186, 532, 779, 765, 612, 582, 846, 598, 170, 816, 453, 613, 699, 908, 175, 103, 427, 188, 92, 544, 71, 634, 706, 876, 131, 610, 736, 81, 664, 845, 958, 300, 474, 719, 579, 172, 28, 183, 14, 148, 690, 423, 413, 42, 86, 82, 10, 470, 660, 19, 459, 489, 910, 771, 271, 594, 428, 803, 343, 985, 661, 587, 54, 870, 537, 472, 316, 525, 990, 286, 616, 146, 284, 859, 426, 118, 837, 631, 953, 365, 181, 983, 548, 580, 275, 232, 540, 986, 546, 971, 78, 917, 486, 424, 402, 325, 153, 968, 764, 99, 348, 749, 649, 70, 4, 793, 25, 531, 235, 344, 504, 728, 361, 371, 31, 835, 0, 101, 36, 136, 973, 405, 716, 626, 671, 899, 492, 977, 57, 782, 555, 607, 385, 700, 227, 939, 645, 721, 657, 866, 18, 984, 715, 264, 279, 198, 922, 538, 558, 399, 128, 129, 339, 539, 157, 708, 226, 342, 617, 199, 933, 246, 366, 931, 666, 91, 796, 698, 505, 943, 21, 818, 269, 650, 969, 850, 633, 520, 192, 535, 149, 370, 775, 7, 234, 802, 213, 867, 909, 552, 430, 577, 602, 294, 855, 408, 761, 312, 590, 624, 711, 875, 166, 364, 694, 999, 647, 697, 767, 896, 263, 369, 61, 374, 683, 878, 182, 220, 784, 748, 281, 554, 33, 879, 821, 510, 218, 730, 201, 503, 221, 877, 3, 180, 126, 797, 176, 827, 350, 526, 165, 229, 418, 872, 438, 266, 244, 562, 236, 691, 989, 375, 840, 674, 682, 758, 800, 168, 359, 478, 376, 900, 178, 425, 154, 411, 994, 458, 957, 2, 571, 156, 574, 894, 524, 5, 321, 569, 834, 667, 780, 873, 487, 573, 731, 259, 50, 137, 584, 373, 35, 561, 620, 930, 980, 468, 965, 927, 913, 806, 302, 258, 861, 409, 353, 341, 964, 976, 363, 988, 947, 991, 679, 309, 808, 257, 407, 591, 987, 746, 628, 564, 864, 464, 701, 108, 743, 223, 351, 287, 106, 641, 111, 810, 191, 45, 30, 228, 654, 941, 550, 956, 919, 597, 429, 961, 210, 238, 24, 804, 124, 200, 820, 48, 303, 141, 445, 615, 841, 390, 903, 109, 643, 565, 446, 783, 395, 950, 518, 556, 417, 452, 966, 583, 197, 737, 163, 658, 11, 849, 392, 378, 204, 605, 241, 862, 314, 90, 230, 978, 367, 798, 588, 726, 856, 116, 493, 960, 323, 473, 290, 729, 142, 265, 439, 773, 289, 443, 305, 122, 416, 100, 251, 189, 514, 412, 130, 387, 825, 62, 560, 97, 611, 80, 114, 262, 812, 754, 301, 979, 490, 249, 401, 665, 494, 69, 441, 112, 268, 120, 219, 63, 252, 273, 740, 559, 599, 755, 824, 656, 132, 457, 185, 356, 354, 997, 160, 51, 516, 431, 121, 570, 384, 542, 738, 179, 315, 288, 604, 174, 346, 245, 898, 310, 224, 140, 327, 389, 298, 456, 225, 946, 992, 993, 499, 15, 907, 436, 696, 29, 768, 724, 282, 521, 572, 147, 134, 6, 22, 975, 871, 386, 455, 889, 491, 714, 684, 52, 326, 12, 164, 792, 277, 64, 695, 485, 151, 727, 885, 851, 776, 794, 329, 349, 274, 621, 46, 448, 177, 543, 630, 53, 681, 662, 778, 501, 593, 500, 119, 831, 161, 320, 190, 865, 466, 924, 688, 388, 863, 852, 936, 648, 420, 934, 334, 332, 772, 759, 169, 982, 536, 914, 127, 317, 848, 58, 945, 372, 955, 777, 689, 209, 66, 928, 276, 972, 291, 1, 394, 954, 843, 498, 278, 380, 454, 795, 107, 202, 432, 710, 844, 962, 195, 67, 94, 892, 477, 88, 135, 34, 938, 463, 138, 435, 904, 212, 77, 735, 155, 829, 519, 581, 732, 357, 623, 636, 547, 243, 496, 379, 680, 640, 669, 857, 242, 237, 632, 150, 935, 222, 744, 774, 442, 974, 215, 926, 642, 677, 586, 619, 123, 171, 585, 322, 781, 139, 208, 396, 686, 461, 85, 534, 393, 756, 916, 206, 608, 318, 345, 760, 801, 712, 433, 352, 311, 483, 672, 911, 193, 512, 240, 888, 509, 239, 753, 217, 940, 59, 482, 693, 563, 530, 17, 944, 937, 881, 655, 836, 815, 49, 920, 260, 476, 601, 576, 307, 702, 297, 541, 68, 757, 687, 283, 360, 145, 306, 932, 20, 832, 703, 87, 890, 449, 522, 340, 787, 883, 293, 272, 333, 769, 368, 110, 923, 39, 513, 96, 400, 847, 285, 324, 347, 912, 26, 709, 508, 434, 853, 113, 739, 444, 270, 734, 874, 893, 152, 144, 115, 951, 675, 40, 205, 117, 479, 897, 901, 750, 338, 762, 74, 766, 447, 267, 906, 676, 527, 638, 72, 451, 337, 467, 43, 422, 717, 970, 377, 942, 705, 789, 437, 450, 707, 105, 261, 639, 644, 622, 465, 158, 718, 814, 589, 915, 296, 507, 495, 713, 529, 362, 23, 692, 162, 304, 84, 247, 383, 652, 511, 32, 480, 809, 998, 248, 921, 397, 95, 637, 216, 925, 462, 742, 319, 403, 398, 330, 822, 627, 578, 89, 98, 785, 295, 725, 651, 187, 770, 211, 653, 517, 895, 567, 104, 860, 981, 497, 720, 55, 745, 414, 786, 663, 673, 609, 813, 13, 143, 858, 811, 606, 358, 805, 839, 60, 194, 253, 833, 256, 646, 826, 678, 884, 854, 545, 817, 828, 685, 995, 355, 184, 255, 566, 551, 553, 668, 741, 842, 595, 16, 788, 299, 231, 575]